33248888
33211065
60538307
60537201
96497142
33293716
00332574
33295385
33284254
03325555
33290600
33263203
33246433
16776568
33219161
00332821
73489467
03324603
03324146
46462795
29372665
33248664
33247537
38594146
78423812
33256432
33272111
33269029
33222627
87456205
33256913
43287466
60784273
08770184
33236847
33257881
91488190
03324380
33274637
33217125
30418000
32173932
66847368
33280966
00332980
33227268
80290905
90712002
31984252
03325401
65311377
06174282
04528458
33274600
39577556
99871045
33283533
33271315
08301822
80560703
66530011
74277211
33289434
71558570
16766424
29352525
33279927
87878948
19030983
33218222
92340842
33227567
33277819
33262358
03322530
33299414
51952372
53631753
87720581
33263468
33288720
33237086
42730035
33273276
57115520
17574765
33291749
58835586
72374414
33267669
33216774
49548257
76853769
33224019
52572911
33287814
33271422
33244470
33226787
90645141
33290151
33217365
33243962
77861105
09522947
42594207
33231623
33233046
33289103
33223892
33225908
33266400
33277282
27058811
37032136
19447977
33255642
33272622
33265838
52319565
83718622
33252010
33218915
33261127
32581322
33290467
82131824
93569136
34162671
33263074
33216297
86323739
33267967
03717416
31053414
03322800
78279712
69981926
05085223
28746050
33266419
33268425
21558146
33253261
30601760
01809259
76988256
33268048
02613429
27645477
33267124
83020069
03322058
54679610
33215395
33214982
33227332
71717666
19872881
33243276
33252946
33266119
89984669
62470621
33251555
90653123
33288884
33254957
03216371
07096711
33250480
33240364
33230031
47334666
72464437
94349427
53346841
48595140
33293750
33296178
33213246
50996402
33283675
16813542
33250585
88104983
33298606
78943276
43751136
73335000
53550590
33250088
33254211
33261548
48321356
03325715
48795906
04332421
14548547
33220566
