33285671
33268742
80476724
87742376
33291318
19299073
19570734
33271738
33241465
38156586
78422546
82969811
58268612
33258170
33266001
25963669
33273817
33235026
33291060
88765263
33267936
00225903
18023805
33216167
26960557
33365136
04546441
45491748
33229900
26426167
33285884
33261177
33242939
33220223
67654383
96153704
33245506
10491528
33293448
14498140
33288936
33271820
33222259
03327430
03328774
41169871
54494780
12449786
33213154
33210176
33261617
03321721
33226567
51583923
41868514
11596734
33292068
33250917
54093349
33280902
03322863
33295762
33212583
33210478
33293486
33285550
34389669
33240457
33274823
33270382
57240364
53813852
61084690
03328183
33222988
33247139
33285111
33298085
12672731
33210537
33213365
80314752
33226840
07046151
33290290
83760654
21225583
48958819
33279559
33265336
18089575
33297222
19927447
13597479
98244317
33233766
68945685
39713637
66429555
33260572
58595394
33242488
22680806
33265622
42872618
33230312
33269217
79618768
00508324
11923920
33237587
23349042
33281323
33248296
33247128
16663362
33213000
53166045
36314361
94230491
33215654
47426630
87545749
33220956
03323416
26754315
85238381
13072684
33249540
68271802
53541173
81546421
33233258
33226391
30287687
86544451
33290265
58493074
26573702
33259662
45999882
60367614
33274634
55456369
35331289
33227237
33258433
33219859
10413279
33244581
33213456
31747072
48578637
88742857
33261724
94346121
33248699
33239173
33234930
33274224
33276282
79356402
75183605
33247594
33295677
33236314
83779427
41519810
40732658
24618476
49823084
33264755
59331041
49627952
30432920
33266171
03328650
33259711
54040163
61758014
33219912
33281348
33298957
33893738
33267626
33248563
62826750
33276454
67657834
72796349
99058422
88424873
33292930
33234857
08151136
76821194
90325271
33236435
45712282
33265127
37959963
33281574
58726594
60783747
82482640
49153501
03321395
33213416
33232192
33292362
42858856
33279814
33234592
82174358
33232758
43396043
37130102
64332177
22351299
96814726
33212008
33281778
93451302
82799153
96494630
24799846
87250802
33282123
88362282
90974141
36391090
33281706
03329652
37847915
33232605
33272639
03323459
25825704
34593387
33296611
33217665
44457993
33286702
66313369
33266013
63361132
33224701
66657098
06724355
71894159
81241538
33221808
03324460
33247720
33293421
33214617
33299177
33221220
33230955
33251965
04926491
33234926
39660406
17833646
98514623
33264741
33290129
27214725
03321467
33299770
33235719
33216396
13860832
17359045
54512921
15874225
33260388
33296866
55198551
03536271
33211521
33231616
33271415
33252666
64532447
27830464
54310326
33294706
97725105
33262076
33272797
33225097
33254317
09496794
33261828
23557168
10481981
93026538
82351155
81957066
33221150
57495229
33223143
33293001
33275766
33280303
12229499
33233319
33235504
57532376
73798225
64550764
33282409
48811016
60372098
53518291
86337593
46599452
08151081
33270325
92439476
03327061
77123412
26065704
39371304
70476043
33236340
33234400
03325830
33266492
44361042
33261708
33212228
83729392
69332281
38649655
33230358
33253301
39349212
30022494
51312908
33259573
33252469
52653521
07124738
33241651
72997635
03327119
03321801
33279707
70585637
66692020
55996161
36136693
51372150
69175425
33281801
33245851
33234963
33230458
27057481
41639128
33248683
01014445
33216180
39427482
33265637
33216613
52336024
80859282
56320790
33215253
33255373
96626864
49593599
44720410
53294916
00332454
33250615
33238241
33215253
33259475
33234879
33263787
43342837
03322726
17444540
33261079
91716253
60296254
33281735
76875093
55263789
51165560
30631509
13427495
36447101
06915547
05154191
33225709
33299591
33264454
03325968
87168204
03326701
33227902
33249831
33231537
98834415
29122894
54596729
59228773
33212226
33258406
33253738
82988862
92864287
33243624
33267872
86678996
68921519
33276063
73757998
33132590
29967766
33261343
33210025
00576763
25414026
02808998
79338037
33267695
81846112
22824049
33237214
11644122
33212934
33278515
33281272
64692692
33272373
06701511
03324590
33287966
68343820
33280529
33280700
34360926
33297233
33293455
33263839
38039159
33226875
87071125
03326178
51518418
55821473
77653159
33264013
33281031
03329532
33258171
25859806
71468038
33267582
33283280
33280153
33260745
03329425
33210686
14651390
82681723
75769202
88671041
33249883
20751279
33247855
33216999
85527327
33211395
33289496
33233579
12297424
42675692
33261875
13113636
33222997
47197455
28860511
33212104
67099409
64025442
33212030
79211350
21599701
95426147
82879209
33299119
33299920
16631580
33217769
83785014
33219225
63173753
33239659
33226029
20380071
03327148
33217004
75537571
92094562
68298745
27280127
60828309
33268396
45995867
49024083
50697712
10397781
42594083
33298206
86615080
33265286
94612322
33291358
52482155
33214497
33244932
33214224
40355823
08583704
86079655
33279973
33211613
03321682
69873539
43721732
57896196
33284934
81813898
49115697
56699094
33243015
85647708
33256767
27021203
33237071
33290077
79639762
65768742
16034873
33227215
33287495
33291145
33266414
33229665
03326255
33244549
33260750
03324063
80852308
33230228
33222045
20923993
03329560
54653612
28035401
33242814
83725266
33282942
33265518
79661807
78892735
77481314
10019399
33243697
63773623
33235863
33270129
91545195
33223302
33297174
23813643
33294996
33215093
46054866
33239133
87031675
60958574
63718946
79721550
45670691
41485005
33241358
09481380
33251235
33239810
33298226
33241302
33296968
57280499
33215887
58820765
33279965
90512923
30966167
91534025
87818895
22793367
80984828
33249724
33245470
33274012
89532011
33232105
81194090
33262747
33218612
22328340
53364166
33278919
58235444
33280433
33211431
33289063
33214880
33256602
41170950
48222852
01309904
33240280
33258481
33246194
33261155
46919561
33239993
38695361
81358481
33149739
33245840
33224401
33293438
33293295
33213821
33255552
09531583
76056006
24513827
33150518
33216014
79516291
17962068
33223250
27320481
33246826
33290907
33215156
33219462
33242882
33219070
28196169
33230839
33286889
33290244
33294851
04891852
20870708
37510412
33246057
33248236
33290928
33218519
96965259
00332592
03326145
33263920
33290079
33252671
94388337
33246916
33219252
33261103
44686703
10028161
19112546
27458393
97931596
33290323
36679857
96096434
33229942
33240338
95579173
09014499
33223653
28423671
25642449
33269937
35414111
04369438
19751509
48740318
61787881
79111916
33267454
81228331
25645707
33289535
15592654
33298187
33278078
33243175
07627050
90980424
97832916
33246980
33263320
59921915
33210779
53335892
28759303
09326708
33220743
09612763
33221773
33246998
53556666
33287816
33246384
33292551
79674308
95446606
03322633
33293879
33228823
92753214
33296059
31766349
38516955
41217833
67228215
03325649
39837918
20438812
33298407
33288466
33269054
40389744
00332513
33241421
33274599
33279132
11793158
33226784
07041041
33263278
33297877
33253875
33264255
33275392
23952226
33277019
33218961
65588836
33250289
03323515
33225864
56592687
33262663
47598307
27383639
00757406
33287097
33250097
30151555
33299954
64639970
33244636
03328070
33214704
08169724
61857005
56183255
45132456
17784872
71482781
03323874
33293049
27892066
33253428
33282728
41356267
33291470
33272807
96142580
52160876
44993004
84632037
86720710
00332150
