79055514
61690863
70146692
31040283
70127792
15131595
70182670
70184250
21326218
90511013
70152869
44373008
07015743
81239850
70178772
10520611
70172247
15136224
70121672
18979219
74635831
17498623
70194160
07012657
95335711
07018339
70138044
21388495
35963470
70181161
78311632
70150505
99492398
70176716
70171035
70166945
13301520
07011280
41463468
70179205
70114236
70119491
70181597
70155783
70124011
70194567
39412696
70163216
70159255
70190563
70110472
09897700
70151584
70153456
70157635
36526005
70135354
67738668
70130291
70157509
70120511
66588856
70149166
70197940
33630811
70145496
70197883
70124787
70164320
84118616
70114139
89788766
70174155
74169374
70195406
01719699
70111778
70135281
70161163
27274095
70135932
38165969
72845061
70186125
22266684
70176606
04406829
70130011
63371979
70141651
44466248
12083802
66846506
49133021
70152052
70168977
48955728
23945208
70155224
70150833
70157898
70150850
70165234
70167378
79884510
70198791
70164149
36741848
70119177
70138355
86929878
70192501
70139563
28595220
70169467
70145298
15529249
70174832
39378704
90791427
69119569
70175719
26883486
04317904
70198138
85249799
29536390
65019651
34479451
18685446
70146307
50640996
70171424
44414997
70195658
22184658
70167095
52853367
50145083
03671622
00791907
99374215
70190370
70174579
70175884
70182872
75088094
04353512
52959431
39491861
70179800
70130507
15915576
70147309
75071325
53341885
99028011
43319746
35624470
70167282
01467617
63392212
35836457
70161023
70179956
55052360
70166171
70170723
17539797
00729641
70137318
50086670
24868850
70143574
70115780
46418694
09037312
70148740
70140126
07012700
40733172
70161144
70157399
90265441
04372312
07017072
73304218
45034655
76775937
70123432
70157716
38097512
06089760
75377560
73792706
70127099
00701510
70130111
02841863
36798945
70181144
70192251
19811353
73572792
70143020
70182641
61218115
29187144
81733601
70165207
49447296
70150001
70164254
00068398
55133962
14688054
70164723
34734111
70195318
77830091
70154709
28931856
70192349
70124401
70135040
70160978
07017744
70152577
70119096
25352300
70113966
07016753
70178652
23251265
98327043
70112347
65476198
70151827
70150267
55981959
83221796
70173971
70161389
70135698
07011466
70144860
70162055
70163057
70135654
70172020
70170635
69638827
31856436
95030596
20985685
70141769
70114409
18244900
70184367
70159409
00701871
29999122
70140883
70149199
39687361
59014720
70198025
99139573
07662397
47231427
67938509
70133142
64849934
41931655
70158266
70136873
07016191
24755727
13247614
06844799
70173483
70143382
70110452
43350225
13835258
70174484
70198283
07015988
22310171
70335476
70185675
70135388
70189978
82934847
80677548
70182571
70179789
70176631
06826149
70158541
70113944
70163934
02155296
96336240
20854575
99010947
20729735
70180633
36882987
70143440
86631253
86365143
31698285
70161637
88062670
07018485
11467021
80646050
70171259
70118334
70127790
70197723
33696519
44719652
07930311
54438680
85792941
68882790
43865547
57792041
70199851
70178848
62819829
70193204
30030999
16636198
09455016
70114176
70125570
70173106
50571463
70156624
70170525
70141793
07018661
70188477
70140097
52363698
07011833
70110367
70175636
20763170
70178004
44622577
70168441
77353940
70165977
20665672
70135988
70164513
70127436
70245404
70136545
74279025
06984975
70194410
58657267
70169080
70161608
59593434
70131088
75146912
23220514
70133610
70111362
36356574
50222829
03069428
07014707
16931244
70174409
70143372
70161980
59595868
36189887
70163612
27429838
70175507
70120393
44225337
18969635
70180157
68198887
90060701
31488742
83841749
70114347
27786175
24687692
70146092
00701670
72876709
07014074
48580631
70118001
70148829
70129760
70160376
62172463
70184796
34353457
70174591
01076376
70184540
27899436
17565868
70130051
70146333
51480075
70128430
30988022
33633400
02591149
70157078
19949342
64253065
53283192
96748708
42612224
70134834
39837907
39531670
48755288
41164103
17012081
70135335
72541108
07016347
30140851
70175171
64048657
70170635
70161366
38948797
70122917
70783539
89398628
75210318
89226054
29117800
70161945
09051480
70142737
27749785
70139828
02487267
70126585
89948713
91448861
70183728
15566474
70191394
69410586
07015081
73359153
61105120
70124438
99263115
70194046
48873434
26328267
50763131
70169990
70648772
88234069
70145869
12891770
70121396
70122174
10077128
47271538
62781637
85989343
70116995
43975260
10013412
70135420
70164306
72867148
70175923
07019926
70187335
83781026
27783949
68961814
70162769
66410176
77858919
70178251
09242792
38425974
70151665
36157443
70182917
70190332
70161158
23182958
51085907
70159644
70134548
98030390
83111694
76631724
73647543
15574137
70114708
70129609
70170523
70157619
61342997
70193377
88945232
92570510
74491626
58578557
70119942
70112614
70155951
24133136
07018415
42460712
70194032
86192306
05573262
70191602
80710856
05903102
70150837
70173873
86218332
70127007
32667094
70143215
70131497
70123676
16445180
70170587
70129368
45848440
70155215
70193806
70190910
08927993
22386545
70111085
18930934
07501903
70168099
70140232
87975314
24230315
65689402
51593330
21138412
50783340
70160937
70149176
58331830
78657763
70158548
83670184
70133357
44731762
70155278
70161893
70182539
53682568
70149087
35466537
27372718
01595153
80441870
70125613
70156378
10181600
08151598
70159346
70138482
62024353
70141782
70152587
48292639
70189120
21232081
70165952
48758388
70184737
70179794
07016922
70190869
70129009
70199195
08601480
70160151
70124318
11413575
49125447
70142327
99163484
70192457
85028081
12426601
70128332
70159762
29964738
62080445
12181899
70151446
51651106
70188807
03537236
70161443
73769301
70169552
70173361
70153262
70189840
68020875
70176553
70131135
94882750
41736269
70197382
52956390
70168929
70114210
70127491
70168252
70156999
70161264
70145027
70131505
15646097
68215741
62730373
51129248
63098041
23436802
72485101
70152380
06322815
90096402
94865206
70160565
70130257
70154432
92811888
74293524
80662772
70186354
70115401
70173536
95568631
70193753
56830089
70158763
78138414
70171087
40580389
53764620
70121782
70113493
90769600
88445681
70119062
53393877
70154039
70127848
80773786
48123347
98176764
70165933
95334151
70187693
39226524
70165060
92253783
70112201
81322954
70195743
70150496
70163730
45162476
89793606
70140526
16591513
70164047
15527534
70116047
70196830
70185272
70141183
94078404
70187936
70196792
90252949
14978841
21122986
70172067
49378405
70156801
70168230
70164419
63541455
35415426
47871297
42737293
09984392
70117516
94441092
21342182
46187106
02483580
57860385
24977725
70178394
70159118
70139351
70164078
73373728
70137223
70114888
70171810
70116157
70159535
23637940
93027290
70163283
70183417
70157117
70111126
70132639
07016789
49539271
14923531
67978332
34991055
36942075
70116444
70151176
35941443
70162032
70113000
70117440
70148535
69771319
70151738
16017636
25136233
70162699
19335217
88372052
11096567
95187163
70115388
19072528
70172012
70150477
27765480
30030818
70157900
70166072
70131998
70149196
77759537
70136457
81319673
70114543
86581077
43336838
70113576
85152207
70147344
70162304
54433025
07656837
70110863
56652529
22686744
86763459
00036561
70177713
64087514
70122372
92155232
19174443
59393484
70147340
29567331
51340741
24231001
09273373
02946608
70140155
35217337
70175673
70139272
38562001
10482783
98041610
70120965
86465253
70157580
59220641
96636332
70124386
12991748
85130018
09288585
70156505
70160737
70169513
68476152
70177880
07013807
70124706
21295797
66812549
34891361
97224453
62702291
61724798
70170057
83189038
17140968
70128147
70163360
55713328
70176073
70187657
20326478
70148940
07019123
94024827
53598745
05478834
07014173
70189527
70183406
88471276
70184217
70155248
97415616
48192006
32725107
70167390
58630496
70192485
70158856
70184994
70166154
70124152
70132872
89711767
50765387
70176282
87522979
70190818
67689167
70155682
73136677
07014149
35584191
82914200
70181771
08564874
74679578
70140623
70167110
87670752
70129071
25031278
70190942
98014644
70124886
07015046
70125898
44816578
27868277
70113249
35999452
70178792
77054300
63044825
70155962
41165038
39234365
70158587
70173759
59976645
70199579
70119964
70147864
20413043
70169753
70113569
85459251
14770449
43764743
66143346
70162467
43930459
29578857
07011844
19869497
53119596
70182551
35256988
77468207
62921356
00701273
91171461
70129592
70154606
07012885
70199945
45019539
00020364
70172278
70132080
70174428
12462013
02472985
70151878
30130065
78013518
70139761
70132369
70173736
59731417
70175634
70186104
70124341
70152151
70157888
87528729
89587080
70132962
82120902
47727328
38239315
70137353
70126580
70160604
70124044
19168593
70157543
70113414
28300300
48965604
70122718
07017060
43392205
12510149
63112888
78070301
16631420
31135102
70151121
70169933
79067906
70173801
48617520
82698622
70111838
70171625
70138818
70596870
68077746
31325805
70120338
53378532
70174951
70111935
70138766
93983369
07017968
47615354
70161213
70167231
70159665
70178249
70178790
26012401
87612171
04954063
57726606
70196953
70183266
70119515
