40475511
16280389
89289276
00678726
20782405
70360968
49812726
03203726
40022726
69867726
90890726
62237726
93007726
42204726
93131726
86180726
40392689
54332954
85474726
25138189
79218715
94422859
79073715
83392667
29682965
85718618
81360347
76430726
29767726
86665444
78174726
04385758
13431606
14863914
00873559
10183104
52852726
07465745
18516587
84339360
95923538
29896726
07994726
18626208
80331726
09733266
40261563
76322726
95038505
10135726
72956726
99079135
90569726
69469726
40374991
89812797
86505511
14450458
98531726
80233726
25517726
61707588
65393726
97127726
27579726
97029726
76593095
05115724
96037726
87939726
41924360
46947726
28915726
04817531
68531395
24033726
88339456
15197726
86464346
45310747
32466220
12718933
59573581
70358330
44468726
54175511
35399042
51350726
38469726
02365370
96559726
97545739
16111726
30599527
40802726
27644671
98690672
98011448
33322608
43873726
29574804
29927434
62208726
71149458
97283726
43159726
15449726
95299726
85024715
03220726
77081869
01741257
89798527
77489663
59615402
36210725
01276726
74846726
13471726
80934726
49580504
01631883
28392767
02756486
77119726
41447726
81691726
09852454
47709823
35801981
71231956
93148726
80680726
05113726
48311673
20925726
74689339
93376726
90868158
45213726
75321635
17916726
78173726
30413726
22050654
98675249
81668890
27089726
09586726
67948945
64237972
60784709
60003990
97894726
17204726
40169705
65002726
96505133
44933635
11835726
05555726
09613726
35325726
15811726
34182220
75631726
87052726
95181304
26602526
90159281
87515726
40011726
80048511
90284726
70775726
83183562
93317452
83586726
65790189
64953988
98210726
72815307
95839726
61320726
97122760
57201726
57047726
74101719
16934569
85644834
34726786
72844726
08053726
38443329
89305726
32946726
86592726
16959726
87829726
42842726
27044726
20326726
15298338
95414726
29177450
95774240
43785726
95013726
70379958
41248726
27166726
29998849
58917726
54609726
21668223
74029942
44165726
51675726
94699328
76963726
67797965
71682726
62585353
07041455
32038304
00870634
19678626
30949726
42294726
43791236
44445726
52956726
83764726
52591726
79327184
53950137
73165622
88556073
12890726
39145579
29920726
32088174
54579269
76620726
25783702
40807726
40938726
19367834
40231726
31601503
12371662
69820726
44886726
39289726
04392727
89836726
59920726
73317726
28078993
90713114
16067691
19102726
40429726
66401747
25348983
17473726
19728168
34117344
36599726
72201987
29654726
24571465
34533726
05305504
82269164
09802726
32135726
97339726
98101726
80975368
89097550
77513726
36637359
68411716
63190486
13015243
94924726
66806621
88481726
85239726
69529726
67242374
18077726
37073576
75056726
35539726
03839726
57540622
20617726
63511726
48563726
48218742
89628726
45384726
07224726
59946917
53182726
88497726
32850892
72600726
01906582
08079390
57575726
54442242
58721726
55488157
06503726
27073726
76328726
89963726
34308395
86784667
88468726
76717581
81613041
86518726
44158726
94583726
24078293
04745947
11952726
93687726
02445448
19237726
93285726
48002450
78635726
31215726
79566726
60747178
84834732
26421726
65402726
51630673
06487726
23478726
22109438
07391397
85837781
02042800
50499726
73470541
30875569
29677626
22278157
17329885
65370705
05742726
10998731
15150641
73411741
33970668
39428726
20317726
61141726
93324726
08783469
51609726
96660126
92939107
66566798
64777726
14131726
42248626
47027655
82688695
08172280
66358726
89642557
11078524
65836470
98163987
56972726
18028726
69092729
80387726
81394191
03645726
11546133
90900726
88548891
85296831
07783519
57365574
39760124
00390726
30861639
38191177
39752726
90125530
01772282
40939998
32582726
15639726
06989384
65046726
30924645
44619329
88852411
03206623
29488726
86967284
89881726
47178456
66082726
70684726
30034186
78804726
85791726
15859215
54337961
79341726
37308726
58873646
86323823
65376726
49722726
81863726
04584726
24940726
40149474
27122510
11116726
43808462
93309583
00279726
47946593
75268726
96274726
81085747
67230726
07907736
75610726
83824702
35288271
87000726
31169726
61651798
06765726
80155726
05366726
13779726
81358420
73949274
27336726
20701439
47007726
43863698
53064726
99685726
15611726
59307550
13426251
35243451
31361355
78807406
31480980
11787640
54281726
47004142
72714726
76856582
32964726
12720726
57959726
87705726
98964991
32030861
50188217
81748360
41664726
59076726
37028865
27489738
09471346
20222726
24726726
91203109
04239726
45176726
11714186
04951726
86020437
33549828
13874326
82685726
50014726
84135104
58717698
55068726
31379574
49251666
73557726
90060726
53093726
96071295
79474677
26408565
17377726
61499726
51584726
04927899
95011438
01956721
77631680
03147852
47061726
48323726
82414726
53311616
80733726
58911726
30419726
02298726
32121549
82581726
27907726
44395636
80160390
60895267
45129303
27582277
82752726
91667498
32510760
85309726
66554764
13055726
88888726
67904726
37343726
48217726
00961540
76566726
26304726
11192596
80540726
36195726
94683726
12300858
89679287
93090726
39178896
73273649
79287522
48176637
24853726
97769726
75681726
97630726
52112726
29057726
74462801
82792726
54149649
76397218
16634190
35295837
98874726
35483836
05855726
36153726
72472726
52081726
27100726
59957726
33656404
07826726
69516726
86865589
40576726
75996726
61484248
92880726
06588390
69087506
61975522
48911726
82748726
67460609
01775636
43686546
83294844
77746850
14887592
65833726
15993726
24318726
68387613
13310575
